0 7.9 0.1 3.06763e-09 2.28027e-07 7.90063 0.0126576
1e+07 7.6133 2.34554 -5.97877e-08 2.18132e-07 7.96642 0.0176572
2e+07 6.72448 4.40698 -1.16603e-07 1.91578e-07 8.03991 0.0177378
3e+07 5.31488 6.13048 -1.6336e-07 1.51064e-07 8.11361 0.0129393
4e+07 3.50085 7.39317 -1.97081e-07 1.00035e-07 8.18015 0.00375435
5e+07 1.4233 8.10896 -2.15824e-07 4.23446e-08 8.23292 -0.00895342
6e+07 -0.762415 8.23128 -2.1863e-07 -1.79801e-08 8.26652 -0.0240414
7e+07 -2.89588 7.75405 -2.05436e-07 -7.69003e-08 8.27716 -0.0401761
8e+07 -4.82035 6.71111 -1.77034e-07 -1.30476e-07 8.26286 -0.0559226
9e+07 -6.39121 5.17485 -1.35057e-07 -1.74964e-07 8.22354 -0.0698218
1e+08 -7.48448 3.25358 -8.20068e-08 -2.06945e-07 8.16108 -0.0804707
1.1e+08 -8.00569 1.08741 -2.12889e-08 -2.23516e-07 8.0792 -0.0866071
1.2e+08 -7.89895 -1.15825 4.27955e-08 -2.22577e-07 7.98341 -6.37039
1.3e+08 -7.15541 -3.30246 1.05175e-07 -2.03188e-07 7.88074 -6.36478
1.4e+08 -5.81957 -5.16234 1.6032e-07 -1.6596e-07 7.77928 -6.35276
1.5e+08 -3.99136 -6.57015 2.02788e-07 -1.13346e-07 7.68751 -6.3347
1.6e+08 -1.82164 -7.39229 2.27963e-07 -4.96983e-08 7.61343 -6.3116
1.7e+08 0.500071 -7.54703 2.32865e-07 1.90462e-08 7.56358 -6.28503
1.8e+08 2.76541 -7.01702 2.16778e-07 8.60999e-08 7.54229 -6.25698
1.9e+08 4.77133 -5.85289 1.81476e-07 1.44836e-07 7.55129 -6.22964
2e+08 6.34386 -4.16641 1.30904e-07 1.89803e-07 7.5897 -6.20511
2.1e+08 7.35633 -2.11489 7.0427e-08 2.17422e-07 7.65431 -6.18513
2.2e+08 7.73899 0.119033 5.91658e-09 2.26206e-07 7.73991 -6.17101
2.3e+08 7.47996 2.34767 -5.70321e-08 2.1657e-07 7.83973 -6.16347
2.4e+08 6.61971 4.39518 -1.13607e-07 1.90391e-07 7.94595 -6.16267
2.5e+08 5.24183 6.10989 -1.60014e-07 1.50552e-07 8.05032 -6.16827
2.6e+08 3.46254 7.37226 -1.93523e-07 1.00533e-07 8.1449 -6.17949
2.7e+08 1.4202 8.09922 -2.12415e-07 4.41147e-08 8.22279 -6.19518
2.8e+08 -0.734284 8.24612 -2.15891e-07 -1.48353e-08 8.27875 -6.21398
2.9e+08 -2.84623 7.80684 -2.03977e-07 -7.24922e-08 8.3095 -6.23439
3e+08 -4.7651 6.81291 -1.77469e-07 -1.25163e-07 8.31396 -6.25485
3.1e+08 -6.35202 5.33185 -1.3791e-07 -1.6936e-07 8.29318 -6.2739
3.2e+08 -7.48744 3.46461 -8.76214e-08 -2.01903e-07 8.25017 -6.29018
3.3e+08 -8.07902 1.34175 -2.97314e-08 -2.20085e-07 8.18968 -6.30257
3.4e+08 -8.06975 -0.882513 3.183e-08 -2.2193e-07 8.11787 -12.5935
3.5e+08 -7.44551 -3.03915 9.24502e-08 -2.0651e-07 8.0419 -12.596
3.6e+08 -6.24058 -4.95649 1.47124e-07 -1.74277e-07 7.96942 -12.5936
3.7e+08 -4.53932 -6.47534 1.90935e-07 -1.27293e-07 7.90794 -12.5866
3.8e+08 -2.47225 -7.46531 2.19681e-07 -6.92419e-08 7.86403 -12.5762
3.9e+08 -0.20561 -7.83992 2.30517e-07 -5.13954e-09 7.84262 -12.5638
4e+08 2.07477 -7.56711 2.22425e-07 5.92611e-08 7.84639 -12.5512
4.1e+08 4.18282 -6.67286 1.96372e-07 1.1824e-07 7.87547 -12.5401
4.2e+08 5.95128 -5.23701 1.55084e-07 1.66854e-07 7.92742 -12.532
4.3e+08 7.24693 -3.38265 1.02547e-07 2.01459e-07 7.99752 -12.5283
4.4e+08 7.98016 -1.26178 4.33942e-08 2.19928e-07 8.0793 -12.5296
4.5e+08 8.10857 0.9598 -1.76428e-08 2.21605e-07 8.16518 -12.5362
4.6e+08 7.63585 3.11621 -7.61321e-08 2.07083e-07 8.24724 -12.5477
4.7e+08 6.60748 5.05267 -1.28177e-07 1.77948e-07 8.31795 -12.5635
4.8e+08 5.1047 6.63412 -1.70527e-07 1.36517e-07 8.37076 -12.5826
4.9e+08 3.2379 7.75151 -2.00611e-07 8.56501e-08 8.40059 -12.6037
5e+08 1.13976 8.32652 -2.16536e-07 2.86119e-08 8.40416 -12.6252
5.1e+08 -1.04153 8.31511 -2.17101e-07 -3.10097e-08 8.38009 -12.6458
5.2e+08 -3.14944 7.71054 -2.01848e-07 -8.93582e-08 8.32895 -12.6638
5.3e+08 -5.02698 6.5457 -1.71172e-07 -1.42378e-07 8.25328 -12.6779
5.4e+08 -6.52601 4.8945 -1.26473e-07 -1.85949e-07 8.1575 -12.6867
5.5e+08 -7.51813 2.87141 -7.03257e-08 -2.16133e-07 8.04781 -12.6892
5.6e+08 -7.90706 0.627807 -6.58156e-09 -2.29563e-07 7.93194 -12.6848
5.7e+08 -7.64123 -1.65624 5.96917e-08 -2.23963e-07 7.81867 -18.9565
5.8e+08 -6.72464 -3.78567 1.22531e-07 -1.98699e-07 7.717 -18.9384
5.9e+08 -5.22289 -5.56931 1.75708e-07 -1.55237e-07 7.63516 -18.9149
6e+08 -3.26155 -6.84185 2.13618e-07 -9.72755e-08 7.57949 -18.8876
6.1e+08 -1.01513 -7.48507 2.32227e-07 -3.04301e-08 7.5536 -18.8588
6.2e+08 1.31255 -7.44327 2.29789e-07 3.8571e-08 7.55811 -18.8306
6.3e+08 3.51279 -6.72918 2.07066e-07 1.02949e-07 7.59088 -18.8053
6.4e+08 5.39593 -5.41933 1.67011e-07 1.56869e-07 7.64756 -18.7843
6.5e+08 6.80998 -3.64103 1.14068e-07 1.96081e-07 7.72223 -18.769
6.6e+08 7.65153 -1.55509 5.33947e-08 2.18134e-07 7.80796 -18.7597
6.7e+08 7.86957 0.661706 -9.78205e-09 2.22251e-07 7.89734 -18.7565
6.8e+08 7.46382 2.83211 -7.05989e-08 2.09059e-07 7.98307 -18.7589
6.9e+08 6.47972 4.79082 -1.24801e-07 1.80277e-07 8.05846 -18.7661
7e+08 5.0017 6.39409 -1.68859e-07 1.38448e-07 8.11797 -18.777
7.1e+08 3.14563 7.52674 -2.00019e-07 8.67195e-08 8.15762 -18.7902
7.2e+08 1.05093 8.10743 -2.16325e-07 2.8686e-08 8.17526 -18.8045
7.3e+08 -1.12748 8.09249 -2.16645e-07 -3.17305e-08 8.17066 -18.8183
7.4e+08 -3.22777 7.47867 -2.00736e-07 -9.03902e-08 8.14549 -18.8305
7.5e+08 -5.09044 6.30463 -1.69334e-07 -1.4307e-07 8.10315 -18.8399
7.6e+08 -6.56874 4.65091 -1.2426e-07 -1.8567e-07 8.04856 -18.8457
7.7e+08 -7.53989 2.6372 -6.84992e-08 -2.14509e-07 7.98779 -18.8472
7.8e+08 -7.9167 0.416279 -6.16325e-09 -2.26727e-07 7.92764 -18.8445
7.9e+08 -7.65794 -1.83641 5.77189e-08 -2.20722e-07 7.87506 -25.121
8e+08 -6.77556 -3.93734 1.17634e-07 -1.9653e-07 7.83651 -25.1111
8.1e+08 -5.33649 -5.7124 1.6821e-07 -1.56012e-07 7.81726 -25.0994
8.2e+08 -3.45773 -7.01493 2.04922e-07 -1.02744e-07 7.82081 -25.0871
8.3e+08 -1.29472 -7.7409 2.24693e-07 -4.15829e-08 7.84843 -25.0761
8.4e+08 0.975198 -7.83854 2.26247e-07 2.19976e-08 7.89896 -25.0678
8.5e+08 3.17105 -7.31088 2.10104e-07 8.26221e-08 7.96897 -25.0635
8.6e+08 5.12499 -6.21171 1.78308e-07 1.35596e-07 8.053 -25.0641
8.7e+08 6.69537 -4.63678 1.3398e-07 1.77262e-07 8.14418 -25.0701
8.8e+08 7.77531 -2.71258 8.08749e-08 2.05132e-07 8.2349 -25.0812
8.9e+08 8.29696 -0.584757 2.29947e-08 2.17851e-07 8.31754 -25.0971
9e+08 8.23257 1.59271 -3.56817e-08 2.15081e-07 8.38522 -25.1169
9.1e+08 7.5933 3.66691 -9.13765e-08 1.97352e-07 8.43234 -25.1393
9.2e+08 6.42661 5.49406 -1.40613e-07 1.65937e-07 8.45494 -25.163
9.3e+08 4.81299 6.9464 -1.80277e-07 1.22766e-07 8.45088 -25.1867
9.4e+08 2.86203 7.91858 -2.07669e-07 7.03785e-08 8.41993 -25.2088
9.5e+08 0.707885 8.33368 -2.20599e-07 1.19238e-08 8.36369 -25.2279
9.6e+08 -1.49653 8.14926 -2.17533e-07 -4.88518e-08 8.28553 -25.2427
9.7e+08 -3.58715 7.36316 -1.9782e-07 -1.07661e-07 8.19046 -25.2522
9.8e+08 -5.39895 6.01812 -1.61962e-07 -1.59844e-07 8.08495 -25.2555
9.9e+08 -6.77878 4.20408 -1.11873e-07 -2.007e-07 7.9766 -25.2523
1e+09 -7.60037 2.05615 -5.10253e-08 -2.25985e-07 7.87359 -25.2426
1.01e+09 -7.77982 -0.253028 1.56237e-08 -2.32551e-07 7.78393 -31.5102
1.02e+09 -7.28867 -2.5275 8.20291e-08 -2.1898e-07 7.71446 -31.4902
1.03e+09 -6.1615 -4.56777 1.41775e-07 -1.8603e-07 7.66998 -31.4672
1.04e+09 -4.49507 -6.19331 1.88997e-07 -1.36708e-07 7.65263 -31.4434
1.05e+09 -2.43831 -7.26347 2.1926e-07 -7.58826e-08 7.66181 -31.4206
1.06e+09 -0.17474 -7.69247 2.30137e-07 -9.51479e-09 7.69445 -31.4007
1.07e+09 2.09867 -7.45591 2.21351e-07 5.62299e-08 7.74564 -31.3848
1.08e+09 4.19194 -6.58875 1.94512e-07 1.15745e-07 7.80923 -31.3737
1.09e+09 5.93871 -5.1771 1.52643e-07 1.64473e-07 7.87849 -31.3677
1.1e+09 7.20771 -3.34639 9.96626e-08 1.99113e-07 7.94666 -31.3666
1.11e+09 7.90952 -1.24867 3.9953e-08 2.17642e-07 8.00747 -31.3697
1.12e+09 7.9994 0.949851 -2.19708e-08 2.19228e-07 8.0556 -31.3762
1.13e+09 7.47748 3.08015 -8.16897e-08 2.04124e-07 8.08703 -31.3848
1.14e+09 6.38686 4.98068 -1.35046e-07 1.73557e-07 8.09933 -31.3944
1.15e+09 4.81036 6.50675 -1.78281e-07 1.29656e-07 8.0918 -31.4038
1.16e+09 2.86579 7.53917 -2.08176e-07 7.53924e-08 8.06548 -31.4116
1.17e+09 0.699727 7.99249 -2.22236e-07 1.45208e-08 8.02306 -31.4169
1.18e+09 -1.52085 7.8223 -2.18912e-07 -4.85205e-08 7.96878 -31.4187
1.19e+09 -3.61925 7.03125 -1.9786e-07 -1.08804e-07 7.90807 -31.4166
1.2e+09 -5.42245 5.6724 -1.60185e-07 -1.61243e-07 7.84724 -31.4103
1.21e+09 -6.77634 3.84852 -1.08579e-07 -2.01074e-07 7.79294 -31.4001
1.22e+09 -7.5615 1.70597 -4.72541e-08 -2.24442e-07 7.75155 -31.3867
1.23e+09 -7.70695 -0.577365 1.83931e-08 -2.28986e-07 7.72855 -37.6544
1.24e+09 -7.19915 -2.80928 8.23941e-08 -2.14254e-07 7.72786 -37.6383
1.25e+09 -6.08388 -4.80323 1.38982e-07 -1.81816e-07 7.75143 -37.6232
1.26e+09 -4.46043 -6.39753 1.83343e-07 -1.35001e-07 7.79896 -37.6108
1.27e+09 -2.4691 -7.47039 2.12139e-07 -7.83496e-08 7.86786 -37.6024
1.28e+09 -0.275205 -7.94868 2.23723e-07 -1.69424e-08 7.95344 -37.599
1.29e+09 1.94768 -7.81014 2.18049e-07 4.42118e-08 8.04933 -37.6012
1.3e+09 4.03239 -7.08037 1.96393e-07 1.00613e-07 8.14812 -37.609
1.31e+09 5.82975 -5.82629 1.61019e-07 1.48522e-07 8.24206 -37.6222
1.32e+09 7.21676 -4.14794 1.14852e-07 1.85057e-07 8.32388 -37.64
1.33e+09 8.10187 -2.16988 6.12184e-08 2.08199e-07 8.38741 -37.6612
1.34e+09 8.42803 -0.0327211 3.66039e-09 2.1674e-07 8.42809 -37.6846
1.35e+09 8.1741 2.1147 -5.41923e-08 2.10239e-07 8.44321 -37.7088
1.36e+09 7.35534 4.1228 -1.08701e-07 1.88986e-07 8.43199 -37.7323
1.37e+09 6.02317 5.84864 -1.56288e-07 1.54027e-07 8.39555 -37.7536
1.38e+09 4.26406 7.16373 -1.93542e-07 1.07214e-07 8.33674 -37.7717
1.39e+09 2.1971 7.96243 -2.17386e-07 5.12826e-08 8.26 -37.7852
1.4e+09 -0.0306066 8.17105 -2.25344e-07 -1.01201e-08 8.17111 -37.7934
1.41e+09 -2.25158 7.75671 -2.15885e-07 -7.24984e-08 8.07689 -37.7958
1.42e+09 -4.2894 6.73481 -1.88808e-07 -1.3075e-07 7.98478 -37.7924
1.43e+09 -5.97361 5.17306 -1.45552e-07 -1.79612e-07 7.90218 -37.7837
1.44e+09 -7.15702 3.18997 -8.93259e-08 -2.14294e-07 7.83574 -37.7704
1.45e+09 -7.73278 0.94669 -2.49321e-08 -2.31182e-07 7.79051 -37.7542
1.46e+09 -7.64799 -1.36805 4.17535e-08 -2.28454e-07 7.76938 -44.0197
1.47e+09 -6.91072 -3.55771 1.04555e-07 -2.06393e-07 7.77273 -44.0025
1.48e+09 -5.58875 -5.43902 1.5784e-07 -1.67318e-07 7.79853 -43.9873
1.49e+09 -3.80052 -6.8603 1.97199e-07 -1.15141e-07 7.84268 -43.9754
1.5e+09 -1.70073 -7.71435 2.19823e-07 -5.47289e-08 7.8996 -43.9677
1.51e+09 0.536146 -7.94474 2.24558e-07 8.7298e-09 7.96281 -43.9646
1.52e+09 2.73179 -7.54632 2.11742e-07 7.02375e-08 8.02556 -43.9658
1.53e+09 4.71758 -6.56149 1.82934e-07 1.25321e-07 8.08138 -43.971
1.54e+09 6.34542 -5.07394 1.40635e-07 1.70219e-07 8.12461 -43.9792
1.55e+09 7.49594 -3.20103 8.80505e-08 2.0197e-07 8.15081 -43.9895
1.56e+09 8.0845 -1.08549 2.88983e-08 2.18464e-07 8.15705 -44.0006
1.57e+09 8.06562 1.11318 -3.27322e-08 2.18471e-07 8.14208 -44.0112
1.58e+09 7.43602 3.22791 -9.25105e-08 2.0171e-07 8.10641 -44.02
1.59e+09 6.23634 5.09389 -1.46015e-07 1.68938e-07 8.0523 -44.0258
1.6e+09 4.55103 6.55951 -1.88941e-07 1.22057e-07 7.98367 -44.0277
1.61e+09 2.50578 7.49827 -2.17415e-07 6.41913e-08 7.90588 -44.0249
1.62e+09 0.261194 7.82106 -2.28395e-07 -3.2131e-10 7.82542 -44.0169
1.63e+09 -1.99787 7.48746 -2.20156e-07 -6.61276e-08 7.74942 -44.004
1.64e+09 -4.07772 6.514 -1.92724e-07 -1.27288e-07 7.68505 -43.9866
1.65e+09 -5.79499 4.97681 -1.48152e-07 -1.77946e-07 7.63875 -43.9659
1.66e+09 -6.99686 3.00682 -9.0462e-08 -2.1314e-07 7.61557 -43.9434
1.67e+09 -7.57891 0.77681 -2.52013e-08 -2.29567e-07 7.61861 -43.9209
1.68e+09 -7.49662 -1.51781 4.13451e-08 -2.26056e-07 7.64873 -50.1834
1.69e+09 -6.76821 -3.68103 1.03062e-07 -2.03624e-07 7.70446 -50.1662
1.7e+09 -5.46887 -5.53656 1.54782e-07 -1.65113e-07 7.78216 -50.154
1.71e+09 -3.71857 -6.94316 1.92757e-07 -1.14581e-07 7.87624 -50.1476
1.72e+09 -1.66701 -7.80357 2.14794e-07 -5.66681e-08 7.97964 -50.1476
1.73e+09 0.521563 -8.0676 2.20144e-07 3.93056e-09 8.08444 -50.1538
1.74e+09 2.68169 -7.73072 2.09271e-07 6.28181e-08 8.18264 -50.1656
1.75e+09 4.65757 -6.82998 1.83599e-07 1.16105e-07 8.26689 -50.1822
1.76e+09 6.31144 -5.43832 1.45277e-07 1.60505e-07 8.33125 -50.2024
1.77e+09 7.52986 -3.65838 9.69947e-08 1.93375e-07 8.37153 -50.2246
1.78e+09 8.22846 -1.61599 4.18612e-08 2.12714e-07 8.38564 -50.2475
1.79e+09 8.35571 0.546269 -1.66742e-08 2.17186e-07 8.37355 -50.2694
1.8e+09 7.89606 2.67602 -7.48757e-08 2.06174e-07 8.3372 -50.2892
1.81e+09 6.87246 4.61874 -1.28795e-07 1.79893e-07 8.28031 -50.3054
1.82e+09 5.34786 6.22685 -1.74412e-07 1.39539e-07 8.20812 -50.3171
1.83e+09 3.42476 7.37023 -2.07886e-07 8.74353e-08 8.12707 -50.3237
1.84e+09 1.24167 7.94799 -2.25934e-07 2.71002e-08 8.0444 -50.3249
1.85e+09 -1.03477 7.90011 -2.26289e-07 -3.68454e-08 7.96759 -50.3209
1.86e+09 -3.22234 7.21701 -2.08175e-07 -9.90056e-08 7.90371 -50.3124
1.87e+09 -5.13998 5.94469 -1.72637e-07 -1.53776e-07 7.85867 -50.3006
1.88e+09 -6.62656 4.18323 -1.22596e-07 -1.96069e-07 7.83649 -50.287
1.89e+09 -7.55845 2.07794 -6.25554e-08 -2.22035e-07 7.83888 -50.2734
1.9e+09 -7.86258 -0.195831 2.00228e-09 -2.29576e-07 7.86502 -56.5446
1.91e+09 -7.52241 -2.45138 6.53747e-08 -2.18517e-07 7.91176 -56.5357
1.92e+09 -6.57657 -4.50927 1.22336e-07 -1.90432e-07 7.97401 -56.5309
1.93e+09 -5.11141 -6.21289 1.68624e-07 -1.48236e-07 8.04528 -56.5308
1.94e+09 -3.25002 -7.43948 2.01176e-07 -9.56989e-08 8.1184 -56.5354
1.95e+09 -1.13991 -8.10636 2.18159e-07 -3.7009e-08 8.18611 -56.5444
1.96e+09 1.05884 -8.17342 2.18877e-07 2.35576e-08 8.24172 -56.5571
1.97e+09 3.18435 -7.64277 2.03637e-07 8.18632e-08 8.27962 -56.5723
1.98e+09 5.08223 -6.55659 1.73617e-07 1.3405e-07 8.29566 -56.5889
1.99e+09 6.61385 -4.99383 1.30771e-07 1.76634e-07 8.28743 -56.6054
2e+09 7.66375 -3.06608 7.77764e-08 2.06589e-07 8.25433 -56.6205
